Hammad  Mustafa
15 6 2001
19
1234
9909
1
Lahore
Gujrat
19 12 2020
12 45 50
400
1
119.8
1221
9909
5353


Zaid Waseem
12 12 2020
18
9909
5353
1
Lahore
Karachi
9 8 2020
12 12 12
120
1
119.8
5353
900
5353

muhammad saad
12 12 1969
2
54353
2315
0
muhammad usman
19 12 2020
26
2000
525
2
lahore
multan
19 12 2020
12 12 30
200
0
150
65635
65363
65465
thar
cholistan
19 12 2020
12 12 60
200
0
250
12345
32145
65412

muhammad usama
12 12 2003
17
21456
32145
2
sukhur
muree
19 12 2020
12 30 23
20
1
200
32145
54123
32145
peshawar
quetta
19 12 2020
12 30 25
200
0
300
32145
54123
69874

hammad mustafa
12 12 2003
20
1469
12365
0

ganza aja
0 0 0
0
0
0
0

 
0 0 0
0
0
0
0

 
0 0 0
0
0
0
0

 
0 0 0
0
0
0
0

 
0 0 0
0
0
0
0

 
0 0 0
0
0
0
0

 
0 0 0
0
0
0
0

 
0 0 0
0
0
0
0

 
0 0 0
0
0
0
0

 
0 0 0
0
0
0
0

 
0 0 0
0
0
0
0

 
0 0 0
0
0
0
0

 
0 0 0
0
0
0
0

 
0 0 0
0
0
0
0

 
0 0 0
0
0
0
0

 
0 0 0
0
0
0
0

 
0 0 0
0
0
0
0

 
0 0 0
0
0
0
0

 
0 0 0
0
0
0
0

 
0 0 0
0
0
0
0

 
0 0 0
0
0
0
0

 
0 0 0
0
0
0
0

 
0 0 0
0
0
0
0

 
0 0 0
0
0
0
0

 
0 0 0
0
0
0
0

 
0 0 0
0
0
0
0

 
0 0 0
0
0
0
0

 
0 0 0
0
0
0
0

 
0 0 0
0
0
0
0

 
0 0 0
0
0
0
0

 
0 0 0
0
0
0
0

 
0 0 0
0
0
0
0

 
0 0 0
0
0
0
0

 
0 0 0
0
0
0
0

 
0 0 0
0
0
0
0

 
0 0 0
0
0
0
0

 
0 0 0
0
0
0
0

 
0 0 0
0
0
0
0

 
0 0 0
0
0
0
0

 
0 0 0
0
0
0
0

 
0 0 0
0
0
0
0

 
0 0 0
0
0
0
0

 
0 0 0
0
0
0
0

 
0 0 0
0
0
0
0

 
0 0 0
0
0
0
0

 
0 0 0
0
0
0
0

 
0 0 0
0
0
0
0

 
0 0 0
0
0
0
0

 
0 0 0
0
0
0
0

 
0 0 0
0
0
0
0

 
0 0 0
0
0
0
0

 
0 0 0
0
0
0
0

 
0 0 0
0
0
0
0

 
0 0 0
0
0
0
0

 
0 0 0
0
0
0
0

 
0 0 0
0
0
0
0

 
0 0 0
0
0
0
0

 
0 0 0
0
0
0
0

 
0 0 0
0
0
0
0

 
0 0 0
0
0
0
0

 
0 0 0
0
0
0
0

 
0 0 0
0
0
0
0

 
0 0 0
0
0
0
0

 
0 0 0
0
0
0
0

 
0 0 0
0
0
0
0

 
0 0 0
0
0
0
0

 
0 0 0
0
0
0
0

 
0 0 0
0
0
0
0

 
0 0 0
0
0
0
0

 
0 0 0
0
0
0
0

 
0 0 0
0
0
0
0

 
0 0 0
0
0
0
0

 
0 0 0
0
0
0
0

 
0 0 0
0
0
0
0

 
0 0 0
0
0
0
0

 
0 0 0
0
0
0
0

 
0 0 0
0
0
0
0

 
0 0 0
0
0
0
0

 
0 0 0
0
0
0
0

 
0 0 0
0
0
0
0

 
0 0 0
0
0
0
0

 
0 0 0
0
0
0
0

 
0 0 0
0
0
0
0

 
0 0 0
0
0
0
0

 
0 0 0
0
0
0
0

 
0 0 0
0
0
0
0

 
0 0 0
0
0
0
0

 
0 0 0
0
0
0
0

 
0 0 0
0
0
0
0

 
0 0 0
0
0
0
0

 
0 0 0
0
0
0
0

 
0 0 0
0
0
0
0

 
0 0 0
0
0
0
0

 
0 0 0
0
0
0
0

 
0 0 0
0
0
0
0

 
0 0 0
0
0
0
0

 
0 0 0
0
0
0
0

 
0 0 0
0
0
0
0

 
0 0 0
0
0
0
0

 
0 0 0
0
0
0
0

 
0 0 0
0
0
0
0

 
0 0 0
0
0
0
0

 
0 0 0
0
0
0
0

 
0 0 0
0
0
0
0

 
0 0 0
0
0
0
0

 
0 0 0
0
0
0
0

 
0 0 0
0
0
0
0

 
0 0 0
0
0
0
0

 
0 0 0
0
0
0
0

 
0 0 0
0
0
0
0

 
0 0 0
0
0
0
0

 
0 0 0
0
0
0
0

 
0 0 0
0
0
0
0

 
0 0 0
0
0
0
0

 
0 0 0
0
0
0
0

 
0 0 0
0
0
0
0

 
0 0 0
0
0
0
0

 
0 0 0
0
0
0
0

 
0 0 0
0
0
0
0

 
0 0 0
0
0
0
0

 
0 0 0
0
0
0
0

 
0 0 0
0
0
0
0

 
0 0 0
0
0
0
0

 
0 0 0
0
0
0
0

 
0 0 0
0
0
0
0

 
0 0 0
0
0
0
0

 
0 0 0
0
0
0
0

 
0 0 0
0
0
0
0

 
0 0 0
0
0
0
0

 
0 0 0
0
0
0
0

 
0 0 0
0
0
0
0

 
0 0 0
0
0
0
0

 
0 0 0
0
0
0
0

 
0 0 0
0
0
0
0

 
0 0 0
0
0
0
0

 
0 0 0
0
0
0
0

 
0 0 0
0
0
0
0

 
0 0 0
0
0
0
0

 
0 0 0
0
0
0
0

 
0 0 0
0
0
0
0

 
0 0 0
0
0
0
0

 
0 0 0
0
0
0
0

 
0 0 0
0
0
0
0

 
0 0 0
0
0
0
0

 
0 0 0
0
0
0
0

 
0 0 0
0
0
0
0

 
0 0 0
0
0
0
0

 
0 0 0
0
0
0
0

 
0 0 0
0
0
0
0

 
0 0 0
0
0
0
0

 
0 0 0
0
0
0
0

 
0 0 0
0
0
0
0

 
0 0 0
0
0
0
0

 
0 0 0
0
0
0
0

 
0 0 0
0
0
0
0

 
0 0 0
0
0
0
0

 
0 0 0
0
0
0
0

 
0 0 0
0
0
0
0

 
0 0 0
0
0
0
0

 
0 0 0
0
0
0
0

 
0 0 0
0
0
0
0

 
0 0 0
0
0
0
0

 
0 0 0
0
0
0
0

 
0 0 0
0
0
0
0

 
0 0 0
0
0
0
0

 
0 0 0
0
0
0
0

 
0 0 0
0
0
0
0

 
0 0 0
0
0
0
0

 
0 0 0
0
0
0
0

 
0 0 0
0
0
0
0

 
0 0 0
0
0
0
0

 
0 0 0
0
0
0
0

